A1_1 = [1, 1/2, 1/3; 
    2, 1, 1/3; 
    3, 3, 1];
A1_2 = [1, 1/2, 1/3; 
    2, 1, 1/4; 
    3, 4, 1];
A1_3 = [1, 1/2, 1/3; 
    2, 1, 1/2; 
    3, 2, 1];
A2_1 = [1, 1/2, 1/5; 
    2, 1, 1/5; 
    5, 5, 1];
A2_2 = [1, 1/2, 1/3; 
    2, 1, 1/4; 
    3, 4, 1];
A2_3 = [1, 1/2, 1/5; 
    2, 1, 1/3; 
    5, 3, 1];
A3_1 = [1, 1/2, 1/3; 
    2, 1, 1/2; 
    3, 2, 1];
A3_2 = [1, 1/2, 1/4; 
    2, 1, 1/5; 
    4, 5, 1];
A3_3 = [1, 1/3, 1/5; 
    3, 1, 1/4; 
    5, 4, 1];
Matrices = {A1_1, A1_2, A1_3, A2_1, A2_2, A2_3, A3_1, A3_2, A3_3};

